# oldVersion,newVersion,#oldTables,#newTables,#oldAttrs,newAttr,tableIns,tableDel,attrIns,attrDel,attrTypeAlt,keyAlt,totalAlt
rev_001284.sql,rev_001307.sql,17,17,100,100,0,0,0,0,0,0,0
rev_001307.sql,rev_001308.sql,17,16,100,98,0,1,0,2,0,0,0
rev_001308.sql,rev_001589.sql,16,17,98,101,1,0,3,0,0,0,0
rev_001589.sql,rev_001640.sql,17,17,101,103,0,0,2,0,0,0,0
rev_001640.sql,rev_001695.sql,17,17,103,103,0,0,0,0,0,0,0
rev_001695.sql,rev_001911.sql,17,18,103,106,1,0,3,0,0,0,0
rev_001911.sql,rev_002190.sql,18,19,106,107,1,0,1,0,0,0,0
rev_002190.sql,rev_002294.sql,19,19,107,110,0,0,3,0,0,0,0
rev_002294.sql,rev_002473.sql,19,19,110,111,0,0,1,0,0,0,0
rev_002473.sql,rev_002493.sql,19,19,111,111,0,0,0,0,0,0,0
rev_002493.sql,rev_002685.sql,19,19,111,111,0,0,0,0,0,0,0
rev_002685.sql,rev_002687.sql,19,19,111,110,0,0,0,1,2,0,2
rev_002687.sql,rev_002830.sql,19,19,110,110,0,0,0,0,0,0,0
rev_002830.sql,rev_003204.sql,19,19,110,111,0,0,1,0,0,0,0
rev_003204.sql,rev_003513.sql,19,20,111,115,1,0,4,0,0,0,0
rev_003513.sql,rev_003516.sql,20,21,115,118,1,0,3,0,0,0,0
rev_003516.sql,rev_003582.sql,21,22,118,122,1,0,4,0,0,0,0
rev_003582.sql,rev_003626.sql,22,22,122,122,0,0,0,0,0,0,0
rev_003626.sql,rev_004073.sql,22,22,122,123,0,0,1,0,0,0,0
rev_004073.sql,rev_004083.sql,22,23,123,125,1,0,2,0,0,0,0
rev_004083.sql,rev_004139.sql,23,23,125,125,0,0,0,0,0,0,0
rev_004139.sql,rev_004318.sql,23,23,125,125,0,0,0,0,0,0,0
rev_004318.sql,rev_004321.sql,23,24,125,130,1,0,5,0,0,0,0
rev_004321.sql,rev_004332.sql,24,24,130,131,0,0,1,0,0,0,0
rev_004332.sql,rev_004570.sql,24,24,131,132,0,0,1,0,0,0,0
rev_004570.sql,rev_004571.sql,24,24,132,132,0,0,0,0,0,1,1
rev_004571.sql,rev_004619.sql,24,24,132,133,0,0,1,0,0,0,0
rev_004619.sql,rev_004919.sql,24,25,133,140,1,0,7,0,0,0,0
rev_004919.sql,rev_004925.sql,25,26,140,141,1,0,2,2,0,0,0
rev_004925.sql,rev_005210.sql,26,26,141,141,0,0,0,0,0,5,5
rev_005210.sql,rev_005532.sql,26,26,141,142,0,0,1,0,0,0,0
rev_005532.sql,rev_005541.sql,26,26,142,141,0,0,1,4,0,0,0
rev_005541.sql,rev_005552.sql,26,26,141,142,0,0,2,2,0,0,0
rev_005552.sql,rev_005648.sql,26,28,142,147,2,0,5,0,0,0,0
rev_005648.sql,rev_006057.sql,28,28,147,147,0,0,4,5,0,0,0
rev_006057.sql,rev_006058.sql,28,28,147,147,0,0,3,6,0,0,0
rev_006058.sql,rev_006069.sql,28,28,147,147,0,0,0,0,0,0,0
rev_006069.sql,rev_006072.sql,28,28,147,148,0,0,1,0,0,0,0
rev_006072.sql,rev_006445.sql,28,28,148,148,0,0,0,0,0,0,0
rev_006445.sql,rev_006696.sql,28,27,148,148,0,1,2,2,0,0,0
rev_006696.sql,rev_006710.sql,27,28,148,142,3,2,21,27,0,0,0
rev_006710.sql,rev_007055.sql,28,28,142,143,0,0,1,0,0,0,0
rev_007055.sql,rev_007467.sql,28,28,143,143,0,0,0,0,0,0,0
rev_007467.sql,rev_007515.sql,28,28,143,142,0,0,0,2,0,0,0
rev_007515.sql,rev_007649.sql,28,28,142,143,0,0,1,0,0,0,0
rev_007649.sql,rev_007653.sql,28,28,143,144,0,0,1,0,0,0,0
rev_007653.sql,rev_007755.sql,28,28,144,144,0,0,2,4,1,0,1
rev_007755.sql,rev_007964.sql,28,28,144,145,0,0,1,0,0,0,0
rev_007964.sql,rev_008007.sql,28,28,145,146,0,0,1,0,0,0,0
rev_008007.sql,rev_008230.sql,28,28,146,154,0,0,8,0,0,0,0
rev_008230.sql,rev_008516.sql,28,28,154,155,0,0,1,0,0,0,0
rev_008516.sql,rev_008643.sql,28,28,155,158,0,0,3,0,0,0,0
rev_008643.sql,rev_008772.sql,28,28,158,159,0,0,1,0,0,0,0
rev_008772.sql,rev_008792.sql,28,28,159,158,0,0,0,2,0,0,0
rev_008792.sql,rev_008793.sql,28,27,158,156,0,1,0,2,0,0,0
rev_008793.sql,rev_008794.sql,27,27,156,156,0,0,0,0,0,0,0
rev_008794.sql,rev_008798.sql,27,27,156,156,0,0,0,0,6,0,6
rev_008798.sql,rev_008818.sql,27,27,156,156,0,0,0,0,0,0,0
rev_008818.sql,rev_009042.sql,27,27,156,156,1,1,4,4,0,0,0
rev_009042.sql,rev_009116.sql,27,27,156,157,0,0,3,4,0,0,0
rev_009116.sql,rev_009199.sql,27,28,157,160,1,0,3,0,0,0,0
rev_009199.sql,rev_009268.sql,28,26,160,156,0,2,0,4,0,0,0
rev_009268.sql,rev_009276.sql,26,25,156,154,0,1,0,2,0,0,0
rev_009276.sql,rev_009335.sql,25,25,154,154,0,0,0,0,0,0,0
rev_009335.sql,rev_009367.sql,25,23,154,148,0,2,0,6,1,0,1
rev_009367.sql,rev_009399.sql,23,23,148,148,0,0,0,0,1,0,1
rev_009399.sql,rev_009469.sql,23,23,148,151,0,0,3,0,0,0,0
rev_009469.sql,rev_009474.sql,23,23,151,151,0,0,0,0,0,0,0
rev_009474.sql,rev_009536.sql,23,23,151,152,0,0,1,0,0,0,0
rev_009536.sql,rev_009636.sql,23,23,152,152,0,0,0,0,2,0,2
rev_009636.sql,rev_009649.sql,23,24,152,154,1,0,2,0,0,0,0
rev_009649.sql,rev_009915.sql,24,24,154,155,0,0,1,0,0,0,0
rev_009915.sql,rev_010000.sql,24,24,155,155,0,0,0,0,0,0,0
rev_010000.sql,rev_010252.sql,24,25,155,160,1,0,5,0,0,0,0
rev_010252.sql,rev_010255.sql,25,25,160,161,0,0,1,0,1,0,1
rev_010255.sql,rev_010484.sql,25,25,161,161,0,0,0,0,0,0,0
rev_010484.sql,rev_010579.sql,25,25,161,161,0,0,0,0,0,0,0
rev_010579.sql,rev_011002.sql,25,25,161,161,0,0,0,0,0,0,0
rev_011002.sql,rev_011357.sql,25,25,161,161,0,0,0,0,0,0,0
rev_011357.sql,rev_011361.sql,25,25,161,161,0,0,0,0,0,0,0
rev_011361.sql,rev_011711.sql,25,25,161,161,0,0,0,0,0,0,0
rev_011711.sql,rev_011887.sql,25,25,161,163,0,0,2,0,0,0,0
rev_011887.sql,rev_011892.sql,25,25,163,163,0,0,0,0,0,0,0
rev_011892.sql,rev_012207.sql,25,25,163,164,0,0,1,0,0,0,0
rev_012207.sql,rev_012208.sql,25,25,164,164,0,0,0,0,0,0,0
rev_012208.sql,rev_012301.sql,25,26,164,167,1,0,3,0,0,0,0
rev_012301.sql,rev_012874.sql,26,27,167,170,1,0,3,0,0,0,0
rev_012874.sql,rev_012922.sql,27,28,170,173,1,0,3,0,0,0,0
rev_012922.sql,rev_012995.sql,28,28,173,173,0,0,0,0,0,0,0
rev_012995.sql,rev_013088.sql,28,29,173,178,1,0,5,0,0,0,0
rev_013088.sql,rev_013197.sql,29,29,178,178,0,0,0,0,0,0,0
rev_013197.sql,rev_013378.sql,29,29,178,179,0,0,1,0,0,0,0
rev_013378.sql,rev_013551.sql,29,29,179,179,0,0,0,0,0,0,0
rev_013551.sql,rev_013575.sql,29,30,179,182,1,0,3,0,0,0,0
rev_013575.sql,rev_013683.sql,30,31,182,184,1,0,2,0,0,0,0
rev_013683.sql,rev_013685.sql,31,31,184,184,0,0,0,0,1,0,1
rev_013685.sql,rev_014777.sql,31,32,184,204,1,0,20,0,0,0,0
rev_014777.sql,rev_014885.sql,32,31,204,197,0,1,0,7,0,0,0
rev_014885.sql,rev_015093.sql,31,31,197,197,0,0,0,0,0,0,0
rev_015093.sql,rev_015094.sql,31,31,197,197,0,0,0,0,0,0,0
rev_015094.sql,rev_015157.sql,31,31,197,197,0,0,0,0,0,0,0
rev_015157.sql,rev_015462.sql,31,31,197,197,0,0,0,0,0,0,0
rev_015462.sql,rev_015482.sql,31,31,197,199,0,0,2,0,4,0,4
rev_015482.sql,rev_015489.sql,31,31,199,199,0,0,0,0,0,0,0
rev_015489.sql,rev_015521.sql,31,31,199,199,0,0,0,0,3,0,3
rev_015521.sql,rev_015776.sql,31,31,199,199,0,0,0,0,0,0,0
rev_015776.sql,rev_015779.sql,31,31,199,199,0,0,0,0,3,0,3
rev_015779.sql,rev_016524.sql,31,31,199,200,0,0,1,0,0,0,0
rev_016524.sql,rev_016526.sql,31,31,200,199,0,0,0,2,0,0,0
rev_016526.sql,rev_017217.sql,31,31,199,200,0,0,1,0,0,0,0
rev_017217.sql,rev_017244.sql,31,32,200,203,1,0,3,0,0,0,0
rev_017244.sql,rev_017253.sql,32,33,203,209,1,0,6,0,0,0,0
rev_017253.sql,rev_017338.sql,33,33,209,210,0,0,1,0,0,0,0
rev_017338.sql,rev_017355.sql,33,33,210,209,0,0,0,2,0,0,0
rev_017355.sql,rev_017356.sql,33,33,209,210,0,0,1,0,0,0,0
rev_017356.sql,rev_017486.sql,33,33,210,210,0,0,0,0,0,0,0
rev_017486.sql,rev_017547.sql,33,33,210,210,0,0,0,0,0,0,0
rev_017547.sql,rev_017852.sql,33,33,210,210,0,0,0,0,0,0,0
rev_017852.sql,rev_017854.sql,33,33,210,210,0,0,0,0,0,0,0
rev_017854.sql,rev_017968.sql,33,33,210,210,0,0,0,0,0,0,0
rev_017968.sql,rev_017969.sql,33,33,210,210,0,0,0,0,0,0,0
rev_017969.sql,rev_018237.sql,33,33,210,212,0,0,2,0,0,0,0
rev_018237.sql,rev_018325.sql,33,33,212,213,0,0,1,0,0,0,0
rev_018325.sql,rev_018335.sql,33,33,213,213,0,0,0,0,0,0,0
rev_018335.sql,rev_018480.sql,33,33,213,213,0,0,0,0,0,0,0
rev_018480.sql,rev_018481.sql,33,33,213,213,0,0,0,0,0,0,0
rev_018481.sql,rev_019095.sql,33,34,213,219,1,0,6,0,0,0,0
rev_019095.sql,rev_019121.sql,34,34,219,219,0,0,0,0,0,0,0
rev_019121.sql,rev_019569.sql,34,34,219,219,0,0,0,0,0,0,0
rev_019569.sql,rev_019703.sql,34,34,219,221,0,0,2,0,0,0,0
rev_019703.sql,rev_019783.sql,34,34,221,221,0,0,0,0,0,0,0
rev_019783.sql,rev_019843.sql,34,34,221,222,0,0,1,0,0,0,0
rev_019843.sql,rev_019848.sql,34,34,222,221,0,0,0,2,0,0,0
rev_019848.sql,rev_020054.sql,34,34,221,221,0,0,0,0,0,0,0
rev_020054.sql,rev_020222.sql,34,34,221,222,0,0,1,0,0,0,0
rev_020222.sql,rev_020301.sql,34,34,222,223,0,0,1,0,0,0,0
rev_020301.sql,rev_020393.sql,34,34,223,223,0,0,0,0,0,0,0
rev_020393.sql,rev_020468.sql,34,34,223,232,0,0,9,0,0,0,0
rev_020468.sql,rev_020470.sql,34,34,232,233,0,0,1,0,0,0,0
rev_020470.sql,rev_020536.sql,34,34,233,233,0,0,0,0,0,0,0
rev_020536.sql,rev_021466.sql,34,34,233,233,0,0,0,0,0,0,0
rev_021466.sql,rev_021954.sql,34,34,233,238,0,0,5,0,0,0,0
rev_021954.sql,rev_021957.sql,34,34,238,233,0,0,0,10,0,0,0
rev_021957.sql,rev_021958.sql,34,34,233,233,0,0,0,0,0,0,0
rev_021958.sql,rev_022597.sql,34,34,233,238,0,0,5,0,0,0,0
rev_022597.sql,rev_022816.sql,34,34,238,239,0,0,1,0,0,0,0
rev_022816.sql,rev_023028.sql,34,34,239,239,0,0,0,0,7,0,7
rev_023028.sql,rev_023228.sql,34,34,239,239,0,0,0,0,0,0,0
rev_023228.sql,rev_023239.sql,34,34,239,239,0,0,0,0,129,0,129
rev_023239.sql,rev_023247.sql,34,34,239,239,0,0,0,0,7,0,7
rev_023247.sql,rev_023303.sql,34,34,239,239,0,0,0,0,0,0,0
rev_023303.sql,rev_023916.sql,34,34,239,239,0,0,0,0,0,0,0
rev_023916.sql,rev_023917.sql,34,34,239,239,0,0,0,0,0,0,0
rev_023917.sql,rev_024313.sql,34,34,239,241,0,0,2,0,0,0,0
rev_024313.sql,rev_024315.sql,34,34,241,241,0,0,0,0,0,0,0
rev_024315.sql,rev_024343.sql,34,34,241,242,0,0,1,0,0,0,0
rev_024343.sql,rev_024448.sql,34,34,242,243,0,0,1,0,0,0,0
rev_024448.sql,rev_024456.sql,34,34,243,243,0,0,0,0,0,0,0
rev_024456.sql,rev_024492.sql,34,34,243,242,0,0,0,2,0,0,0
rev_024492.sql,rev_024607.sql,34,34,242,242,0,0,0,0,0,0,0
rev_024607.sql,rev_024630.sql,34,34,242,242,0,0,0,0,0,0,0
rev_024630.sql,rev_024699.sql,34,34,242,242,0,0,0,0,0,0,0
rev_024699.sql,rev_024731.sql,34,34,242,242,0,0,1,2,0,0,0
rev_024731.sql,rev_025218.sql,34,34,242,242,0,0,0,0,0,0,0
rev_025218.sql,rev_025219.sql,34,34,242,242,0,0,0,0,0,0,0
rev_025219.sql,rev_025267.sql,34,34,242,242,0,0,0,0,0,0,0
rev_025267.sql,rev_025290.sql,34,34,242,242,0,0,0,0,0,0,0
rev_025290.sql,rev_025527.sql,34,34,242,242,0,0,0,0,0,0,0
rev_025527.sql,rev_025602.sql,34,34,242,243,0,0,1,0,0,0,0
rev_025602.sql,rev_025635.sql,34,34,243,242,0,0,0,2,0,0,0
rev_025635.sql,rev_028385.sql,34,35,242,249,1,0,7,0,0,0,0
rev_028385.sql,rev_028386.sql,35,35,249,249,1,1,7,7,0,0,0
rev_028386.sql,rev_028446.sql,35,35,249,249,0,0,0,0,2,0,2
rev_028446.sql,rev_028570.sql,35,35,249,249,0,0,1,2,0,0,0
rev_028570.sql,rev_028986.sql,35,36,249,251,1,0,2,0,0,0,0
rev_028986.sql,rev_029128.sql,36,35,251,249,0,1,0,2,0,0,0
rev_029128.sql,rev_031057.sql,35,35,249,250,0,0,1,0,0,0,0
rev_031057.sql,rev_031113.sql,35,36,250,253,1,0,3,0,0,0,0
rev_031113.sql,rev_031162.sql,36,36,253,253,0,0,0,0,0,0,0
rev_031162.sql,rev_031221.sql,36,36,253,253,0,0,0,0,0,0,0
rev_031221.sql,rev_032084.sql,36,37,253,254,1,0,1,0,0,0,0
rev_032084.sql,rev_032085.sql,37,38,254,260,1,0,6,0,0,0,0
rev_032085.sql,rev_032168.sql,38,38,260,260,0,0,0,0,1,0,1
rev_032168.sql,rev_032222.sql,38,38,260,260,0,0,0,0,0,0,0
rev_032222.sql,rev_033027.sql,38,38,260,260,0,0,0,0,0,0,0
rev_033027.sql,rev_033149.sql,38,38,260,261,0,0,1,0,0,0,0
rev_033149.sql,rev_033478.sql,38,38,261,262,0,0,1,0,0,0,0
rev_033478.sql,rev_033480.sql,38,38,262,262,0,0,0,0,0,0,0
rev_033480.sql,rev_033504.sql,38,38,262,261,0,0,0,1,0,0,0
rev_033504.sql,rev_033508.sql,38,38,261,261,0,0,0,0,0,0,0
rev_033508.sql,rev_033520.sql,38,38,261,262,0,0,1,0,0,0,0
rev_033520.sql,rev_034551.sql,38,38,262,262,0,0,0,0,0,0,0
rev_034551.sql,rev_034637.sql,38,38,262,262,0,0,0,0,0,0,0
